-2.634102245792746544e-03
3.000451717525720596e-03
6.558092427439987659e-04
-2.690907754004001617e-02
6.363654974848031998e-03
1.326013915240764618e-02
-1.117803063243627548e-02
2.063914388418197632e-02
-3.637321060523390770e-03
-1.232501771301031113e-02
-1.262889709323644638e-02
-7.205668371170759201e-03
-1.932126469910144806e-02
-2.496001869440078735e-02
-1.188523788005113602e-02
-8.325850591063499451e-03
-9.574515745043754578e-03
-1.665758900344371796e-02
9.180383756756782532e-03
-1.535425242036581039e-02
7.135834544897079468e-03
3.073666803538799286e-02
1.323914993554353714e-02
-7.752807345241308212e-03
4.744824022054672241e-03
1.117531768977642059e-02
1.594854146242141724e-02
-1.671190746128559113e-02
-1.013011788018047810e-03
-3.716746112331748009e-03
6.526924669742584229e-03
-1.204061973839998245e-02
9.042686782777309418e-03
-8.327887044288218021e-04
8.864725008606910706e-03
-2.630690671503543854e-02
-1.458837650716304779e-02
2.943332772701978683e-03
2.971754409372806549e-03
-1.912486180663108826e-02
-4.792214836925268173e-03
1.382759027183055878e-02
9.880215860903263092e-03
-1.841673813760280609e-02
1.973443292081356049e-02
1.694103237241506577e-03
1.241986081004142761e-02
-5.584245081990957260e-03
-1.061219815164804459e-02
3.984694776590913534e-04
4.273305647075176239e-03
-1.329847425222396851e-02
2.066147886216640472e-02
1.696279644966125488e-02
2.795165404677391052e-03
7.421363843604922295e-04
1.316754985600709915e-02
3.221291350200772285e-03
1.045828126370906830e-02
1.651123538613319397e-02
9.171652491204440594e-04
3.938764333724975586e-03
-5.653419531881809235e-03
1.937183178961277008e-02
7.523753680288791656e-03
1.343686133623123169e-02
-1.318510249257087708e-02
-1.002626772969961166e-02
7.191974669694900513e-03
-2.316551748663187027e-03
-1.889472082257270813e-02
1.251916028559207916e-02
1.958345295861363411e-03
7.383564021438360214e-03
-9.666427038609981537e-03
2.018865570425987244e-02
7.665189448744058609e-03
1.852942258119583130e-02
1.571017317473888397e-02
1.858170703053474426e-02
-6.931369658559560776e-03
1.708981208503246307e-02
9.126757271587848663e-03
-3.887597471475601196e-02
-2.411579340696334839e-02
-6.871520541608333588e-03
-1.164772175252437592e-02
7.881664671003818512e-03
1.804563682526350021e-03
2.848022431135177612e-02
-1.937857456505298615e-02
-1.629457063972949982e-02
1.046784967184066772e-02
-1.302703842520713806e-02
-8.421075530350208282e-03
-2.920972928404808044e-02
-2.485637785866856575e-03
-8.714148774743080139e-03
-1.639692485332489014e-02
-9.305369108915328979e-03
-1.593123376369476318e-02
-2.634641900658607483e-02
-1.109052449464797974e-03
2.258929610252380371e-02
2.138657728210091591e-03
-2.321154437959194183e-02
-1.408461108803749084e-02
-5.622431635856628418e-03
-2.009045891463756561e-02
-3.028449974954128265e-02
-4.957356676459312439e-02
2.328314073383808136e-02
1.495419163256883621e-02
-7.750129792839288712e-03
-3.948152530938386917e-03
-3.762908652424812317e-02
-2.421975508332252502e-02
-1.019387133419513702e-02
-7.703753188252449036e-03
-4.131203982979059219e-03
-2.955291885882616043e-03
-6.217366550117731094e-03
-1.207573339343070984e-02
-7.016778457909822464e-03
-3.894809167832136154e-03
-1.695258915424346924e-02
-2.458497136831283569e-02
5.535298958420753479e-03
-8.337034843862056732e-03
-7.075915578752756119e-03
-2.402289398014545441e-02
-6.368630565702915192e-03
7.341966265812516212e-04
5.288325715810060501e-03
-2.218144014477729797e-02
-2.697205543518066406e-02
-1.799012348055839539e-02
-1.639282889664173126e-02
2.148494590073823929e-03
-1.612211763858795166e-02
-1.611168682575225830e-02
6.593145895749330521e-03
-2.004507184028625488e-02
6.414865143597126007e-03
-1.260050386190414429e-02
-7.623844780027866364e-03
1.141056884080171585e-02
-4.508429765701293945e-02
-9.201800450682640076e-03
-1.556251198053359985e-02
-1.359024271368980408e-02
-1.437406637705862522e-03
-1.946561224758625031e-02
2.073745243251323700e-02
-1.047556195408105850e-02
6.322902161628007889e-03
8.322865702211856842e-03
-1.079071220010519028e-02
-1.890343986451625824e-02
5.862408317625522614e-03
-2.018861705437302589e-03
3.243607282638549805e-02
4.058088734745979309e-02
-4.081984661752358079e-05
1.088586449623107910e-02
-1.654368638992309570e-02
-5.336474278010427952e-04
-2.290343865752220154e-02
4.629464820027351379e-03
-4.840235691517591476e-03
1.018710620701313019e-02
1.795421168208122253e-02
4.821051377803087234e-03
6.183073855936527252e-03
1.441941969096660614e-02
-1.209368463605642319e-02
-8.746046572923660278e-03
1.948844990693032742e-03
1.468473114073276520e-02
1.246393378823995590e-02
7.052310276776552200e-03
-4.178253468126058578e-03
1.204824447631835938e-02
-2.019907534122467041e-02
9.914351627230644226e-03
1.397810317575931549e-02
-1.032113563269376755e-03
5.739375483244657516e-03
1.401926274411380291e-03
6.011277437210083008e-04
-5.578984273597598076e-04
2.442361973226070404e-02
2.307569608092308044e-02
-1.461038365960121155e-02
1.118527725338935852e-02
3.460836037993431091e-02
1.694383099675178528e-02
4.329523537307977676e-03
-2.560640871524810791e-02
1.227850094437599182e-02
-2.580999769270420074e-02
8.536481298506259918e-03
2.043727040290832520e-02
2.255685999989509583e-02
2.296603843569755554e-02
8.841977454721927643e-03
-1.389390975236892700e-02
3.871906781569123268e-03
-9.304553270339965820e-03
2.322031743824481964e-02
-1.494860183447599411e-02
6.925828754901885986e-03
5.006955005228519440e-03
-1.730210706591606140e-02
1.036434434354305267e-03
-1.022293418645858765e-02
-9.694947861135005951e-03
3.453439846634864807e-02
6.133663002401590347e-03
1.158197689801454544e-02
-2.052940800786018372e-02
-2.195598185062408447e-02
5.310905165970325470e-03
3.410135209560394287e-02
-5.807926412671804428e-03
2.940605022013187408e-02
-8.795393630862236023e-03
-5.250477232038974762e-03
-1.908773370087146759e-02
3.035019896924495697e-02
1.844498142600059509e-02
-2.122467756271362305e-02
1.843182183802127838e-02
1.383197866380214691e-02
1.784816756844520569e-02
-4.476198926568031311e-03
3.585761040449142456e-02
2.176197990775108337e-02
1.088048610836267471e-02
4.025454074144363403e-02
-2.004923764616250992e-03
-3.034829162061214447e-03
9.329278022050857544e-03
-1.630380749702453613e-02
9.625289821997284889e-04
1.867342181503772736e-02
-1.656709611415863037e-02
1.496358774602413177e-02
-3.720560809597373009e-03
-7.673439104110002518e-03
-7.925393219920806587e-06
3.973195329308509827e-03
-9.597917087376117706e-03
-1.683295890688896179e-02
5.852427420904859900e-05
-6.412587594240903854e-03
8.297685533761978149e-03
4.820670466870069504e-03
-1.146690570749342442e-03
4.886871669441461563e-03
1.734870113432407379e-02
3.922188654541969299e-03
-7.808004505932331085e-03
1.605129428207874298e-02
9.880201891064643860e-03
-1.014357991516590118e-02
2.091245166957378387e-02
-6.320321932435035706e-03
-2.313908934593200684e-02
1.164599671028554440e-03
2.246841974556446075e-02
-6.695322692394256592e-03
1.831063441932201385e-02
1.462251041084527969e-02
-1.165418699383735657e-02
-1.430593803524971008e-02
1.297399494796991348e-02
-9.686518460512161255e-03
-6.235080305486917496e-03
1.318028569221496582e-02
6.754285190254449844e-03
4.641788452863693237e-02
-2.796228416264057159e-02
-1.511124148964881897e-02
2.871574833989143372e-02
9.199139662086963654e-03
-5.370993167161941528e-03
-6.036050617694854736e-03
-7.214028388261795044e-03
-9.242139756679534912e-03
1.853635883890092373e-03
-3.107811557129025459e-03
-8.400416001677513123e-03
-1.676616258919239044e-02
4.093556664884090424e-03
6.242643576115369797e-03
-1.247017644345760345e-03
-1.291913539171218872e-02
3.581869881600141525e-03
1.100622676312923431e-02
-1.328160706907510757e-02
2.639536280184984207e-03
8.995314128696918488e-03
6.542052607983350754e-03
-1.203120686113834381e-02
1.714876852929592133e-02
1.794935949146747589e-02
-1.058138627558946609e-02
-2.696171961724758148e-02
-1.356402225792407990e-02
-9.717283770442008972e-03
-2.117589814588427544e-03
3.537040576338768005e-02
1.839207112789154053e-02
2.667624875903129578e-02
-1.059406320564448833e-03
-3.394945757463574409e-03
-4.883785732090473175e-03
1.342688035219907761e-02
-1.394754461944103241e-02
-1.955909095704555511e-02
-2.329469099640846252e-02
-3.783416375517845154e-02
-1.463665533810853958e-02
-2.132286131381988525e-02
-3.095177747309207916e-02
-3.082239627838134766e-02
1.943790935911238194e-03
2.863709814846515656e-03
-2.119814045727252960e-02
1.044838782399892807e-02
-1.131569407880306244e-02
-4.260870628058910370e-03
2.264694869518280029e-02
-1.286748237907886505e-02
-1.101780217140913010e-02
1.233613584190607071e-02
-2.005731128156185150e-02
-2.183650992810726166e-02
-6.806705612689256668e-03
-1.048765890300273895e-02
-2.629769779741764069e-02
-9.957882575690746307e-03
-1.296619512140750885e-02
-2.483186079189181328e-03
-7.094037253409624100e-03
1.799723878502845764e-02
-6.425746250897645950e-03
7.906917482614517212e-03
-1.228724140673875809e-02
9.817623533308506012e-03
2.667406341060996056e-03
-2.152442000806331635e-02
2.751140855252742767e-03
-9.207457304000854492e-03
-1.754148118197917938e-02
-1.710317912511527538e-03
-1.458847150206565857e-02
4.424654413014650345e-03
3.440522029995918274e-02
1.272475812584161758e-02
3.088493272662162781e-02
1.308997860178351402e-03
-7.008361717453226447e-05
-2.316530095413327217e-03
-3.798932768404483795e-03
-1.114827580749988556e-02
1.720993593335151672e-02
-6.757488474249839783e-03
-1.369442034047096968e-04
-8.916579186916351318e-03
-1.628110930323600769e-02
-4.491994623094797134e-03
1.133171562105417252e-02
-1.590930391103029251e-03
-8.819262497127056122e-03
-4.939871374517679214e-03
4.573163110762834549e-03
-1.094920281320810318e-02
1.289031933993101120e-02
-6.658643949776887894e-03
-2.560542430728673935e-03
2.796484855934977531e-03
1.122472062706947327e-02
-2.205452509224414825e-02
-3.927077166736125946e-03
-6.646746769547462463e-03
-1.884040981531143188e-02
-2.168696001172065735e-02
-7.406596560031175613e-04
-2.728144824504852295e-02
5.044829566031694412e-03
-2.070877514779567719e-02
-3.410277888178825378e-02
-2.237364649772644043e-02
-1.665571704506874084e-02
-2.791626006364822388e-02
-9.897725656628608704e-03
5.525234155356884003e-03
1.601337827742099762e-02
-1.489508338272571564e-02
3.509072354063391685e-03
9.000281803309917450e-03
-8.398175239562988281e-03
-3.747941181063652039e-02
2.072650380432605743e-02
-5.879881326109170914e-03
9.176796302199363708e-03
-2.029742114245891571e-02
-7.314813788980245590e-03
-1.696566352620720863e-03
-1.402939320541918278e-03
3.222900442779064178e-03
2.921190485358238220e-02
1.248654723167419434e-02
-2.009976655244827271e-02
2.116974443197250366e-02
-2.529961429536342621e-02
3.181505575776100159e-02
-1.064454321749508381e-03
-1.044896151870489120e-02
-2.341875620186328888e-02
1.456393208354711533e-02
2.124471031129360199e-02
1.652979664504528046e-02
-3.243577899411320686e-03
-2.043698169291019440e-02
-3.698240220546722412e-02
-8.721319027245044708e-03
5.457496270537376404e-03
1.104809460230171680e-03
2.201209543272852898e-03
2.951171016320586205e-03
-5.993876766297034919e-05
5.578473792411386967e-04
-3.690644633024930954e-03
5.376274231821298599e-03
-2.476462535560131073e-02
9.272921830415725708e-03
9.608054533600807190e-03
9.164679795503616333e-03
9.088017977774143219e-03
7.484221365302801132e-03
-1.194615568965673447e-02
2.139489911496639252e-02
2.792233228683471680e-02
1.469176448881626129e-02
-2.495782449841499329e-03
2.888718061149120331e-02
1.342243235558271408e-02
1.717310748063027859e-03
2.501806709915399551e-03
-2.125290967524051666e-02
-8.242424810305237770e-04
4.218263085931539536e-03
8.598137646913528442e-03
1.873461157083511353e-02
8.562197908759117126e-03
-8.825520984828472137e-03
1.746169663965702057e-02
-1.369338016957044601e-02
2.195525914430618286e-03
1.077174488455057144e-02
2.869315212592482567e-03
3.103153780102729797e-02
8.546017110347747803e-03
-1.419766340404748917e-02
-2.247170079499483109e-03
1.873974315822124481e-02
-1.290483772754669189e-02
4.037049040198326111e-02
-7.753840764053165913e-04
1.867105951532721519e-03
7.279296871274709702e-03
-2.650808356702327728e-02
-1.760883256793022156e-02
-2.414186298847198486e-02
2.957673743367195129e-03
-1.591666787862777710e-02
1.627345453016459942e-03
1.113204751163721085e-02
1.457414403557777405e-02
-8.191907778382301331e-03
-7.658114191144704819e-03
-1.845211163163185120e-02
-9.041878394782543182e-03
4.088250454515218735e-03
4.448163136839866638e-02
-2.366350777447223663e-02
-5.254740361124277115e-03
-1.952917315065860748e-02
3.285997314378619194e-03
5.466697737574577332e-03
-4.955843091011047363e-03
7.680478040128946304e-03
-3.302555764093995094e-03
-2.624786226078867912e-03
-1.109444536268711090e-02
2.392205782234668732e-02
1.807947829365730286e-02
-1.813477091491222382e-02
5.220369435846805573e-03
-1.355911605060100555e-02
1.944792270660400391e-02
1.098137442022562027e-02
2.686870843172073364e-02
-6.680103484541177750e-03
-8.938909741118550301e-04
-3.492427058517932892e-03
-1.966698653995990753e-02
-1.851086318492889404e-02
-7.626158767379820347e-04
-1.638210937380790710e-02
-1.586245931684970856e-02
-1.371728535741567612e-02
1.752792112529277802e-02
-1.141890534199774265e-03
-6.334641017019748688e-03
-1.111757382750511169e-02
1.315924059599637985e-02
-2.346402220427989960e-02
2.799337671604007483e-04
-3.627325058914721012e-04
2.379702776670455933e-02
-2.735297195613384247e-03
-2.222266979515552521e-02
1.341489329934120178e-02
1.044299360364675522e-02
-2.351231314241886139e-02
1.683192513883113861e-02
4.369906149804592133e-03
-1.324326079338788986e-02
-2.860502572730183601e-03
5.421197973191738129e-03
1.992404228076338768e-03
-6.866378244012594223e-04
-3.909207880496978760e-04
1.780591905117034912e-02
1.839057914912700653e-02
2.847276814281940460e-02
-3.383549302816390991e-02
-1.077756751328706741e-02
-1.237119827419519424e-02
-1.910991151817142963e-03
-1.638149959035217762e-03
1.728848367929458618e-02
-3.981265239417552948e-03
-1.516687311232089996e-02
-1.078093331307172775e-02
5.380771122872829437e-03
-3.394667000975459814e-04
3.388483019080013037e-04
-1.016154699027538300e-02
-4.026594571769237518e-03
-3.475110512226819992e-03
4.235921427607536316e-03
-1.467719906941056252e-03
1.320703234523534775e-02
7.557958364486694336e-03
1.939655630849301815e-04
3.004801226779818535e-03
8.628295734524726868e-03
-1.119264401495456696e-02
3.846571221947669983e-02
-2.622009441256523132e-02
-2.025070227682590485e-02
-6.387236528098583221e-03
2.190581522881984711e-02
-7.340040523558855057e-03
5.275286734104156494e-03
-1.170855201780796051e-02
8.400884456932544708e-03
2.852990524843335152e-03
-4.721979144960641861e-03
2.311803586781024933e-02
-7.603915873914957047e-03
2.813593018800020218e-03
-1.170076336711645126e-02
-4.411829635500907898e-03
1.184551417827606201e-02
-1.763158594258129597e-03
-1.226031780242919922e-02
-2.121041761711239815e-03
1.207175944000482559e-02
6.752271205186843872e-03
-1.912787120090797544e-04
-2.510485984385013580e-02
1.269309781491756439e-02
1.606161892414093018e-02
8.126408793032169342e-03
1.385663053952157497e-03
3.008667146787047386e-03
-1.411060616374015808e-02
1.978362724184989929e-02
-9.230112773366272449e-04
-1.842796429991722107e-02
7.805925328284502029e-03
1.531922910362482071e-02
-1.276752166450023651e-02
-9.016586467623710632e-03
1.803064532577991486e-02
2.485311962664127350e-02
1.778831146657466888e-02
8.864044211804866791e-03
-9.442184120416641235e-03
-1.365219010040163994e-03
1.293158344924449921e-02
9.013307280838489532e-03
1.665486395359039307e-02
-5.432056263089179993e-03
2.747985720634460449e-02
-3.178085014224052429e-02
-1.333140209317207336e-02
5.579187534749507904e-03
-1.327802427113056183e-02
-1.921878196299076080e-02
-1.330687571316957474e-02
4.239038564264774323e-03
3.024637885391712189e-02
-8.199007250368595123e-03
8.300757966935634613e-03
1.899277977645397186e-02
1.064320560544729233e-02
3.132427111268043518e-02
1.928325928747653961e-02
3.364214440807700157e-03
1.966893114149570465e-02
2.267320407554507256e-03
-1.963027566671371460e-02
2.014720812439918518e-02
-1.143280137330293655e-02
-7.607298903167247772e-03
1.507131662219762802e-02
-3.039528615772724152e-03
-9.343016892671585083e-03
-4.165682010352611542e-03
2.297190250828862190e-03
-5.098502151668071747e-03
-1.449866406619548798e-02
-2.767290733754634857e-02
-3.872094675898551941e-02
5.424881353974342346e-03
1.350421924144029617e-02
-1.281087752431631088e-03
3.746509179472923279e-02
1.515413285233080387e-03
2.403502911329269409e-02
-2.055654302239418030e-02
9.840586222708225250e-03
1.035188231617212296e-02
3.859664872288703918e-02
-1.190495118498802185e-02
-2.171802334487438202e-02
8.377794176340103149e-03
1.469070930033922195e-02
2.263092063367366791e-02
-3.762866370379924774e-03
1.557047944515943527e-02
-9.398967027664184570e-03
5.353622138500213623e-03
1.958356238901615143e-02
-1.115575246512889862e-02
1.519016176462173462e-02
5.462179891765117645e-03
2.299468405544757843e-02
2.925962395966053009e-02
-1.523643499240279198e-03
6.600855384021997452e-03
-3.193859010934829712e-02
-1.048644725233316422e-02
-4.461714532226324081e-03
3.185288235545158386e-02
1.373648922890424728e-02
1.356085669249296188e-02
7.090707309544086456e-03
-1.675260439515113831e-02
-2.546972222626209259e-02
1.975213736295700073e-02
2.671544067561626434e-02
-4.685949999839067459e-03
1.768183335661888123e-02
3.249644488096237183e-02
1.455327216535806656e-02
2.610139735043048859e-02
1.134143956005573273e-02
-2.227085409685969353e-03
3.523687273263931274e-02
-1.189226098358631134e-02
-1.868265867233276367e-02
-5.524526815861463547e-03
-7.073158863931894302e-03
-5.266961175948381424e-03
7.594613358378410339e-03
-1.846466772258281708e-02
-1.689711771905422211e-02
1.012690924108028412e-02
1.300617586821317673e-02
-1.825087005272507668e-03
6.665145629085600376e-04
-1.120722852647304535e-02
1.356272958219051361e-02
-1.815272122621536255e-02
-2.648657187819480896e-02
6.065153982490301132e-03
3.971058130264282227e-02
-1.428547967225313187e-02
1.800120249390602112e-02
-1.403918303549289703e-02
-1.876200176775455475e-02
-1.177784614264965057e-02
-1.644882746040821075e-02
9.042320773005485535e-03
-7.273029070347547531e-03
1.751688495278358459e-02
-7.301556761376559734e-04
1.021245773881673813e-02
2.378545142710208893e-02
8.128585293889045715e-03
8.026006631553173065e-03
1.192205213010311127e-02
6.241611205041408539e-03
-2.462485805153846741e-02
2.946102991700172424e-02
-1.418269611895084381e-02
-1.867168955504894257e-02
-1.405725441873073578e-02
7.987160235643386841e-03
-2.108073234558105469e-02
-2.755984663963317871e-02
-3.569013904780149460e-03
1.599311595782637596e-03
9.472022764384746552e-03
1.827165856957435608e-02
-2.374191535636782646e-03
1.184289460070431232e-03
-5.772221484221518040e-04
8.781807497143745422e-03
2.780418843030929565e-03
6.797260721214115620e-04
1.587691903114318848e-02
-7.035912945866584778e-03
2.548662712797522545e-03
-1.792539283633232117e-02
8.491243235766887665e-03
4.337542690336704254e-03
2.450834400951862335e-02
3.668624674901366234e-03
1.025222148746252060e-02
-1.339567452669143677e-02
4.570582241285592318e-04
1.031284127384424210e-02
1.522928383201360703e-02
3.990733623504638672e-02
-8.080904372036457062e-03
1.376022864133119583e-02
-6.586275063455104828e-03
6.606577429920434952e-03
-3.147995844483375549e-02
2.466521784663200378e-02
3.437424777075648308e-03
2.097304537892341614e-02
1.938372850418090820e-02
-2.088011056184768677e-02
7.146543357521295547e-03
1.040645875036716461e-02
2.227335244242567569e-05
-1.918248459696769714e-02
6.313532590866088867e-03
-1.689054333837702870e-04
8.866432122886180878e-03
-4.766577389091253281e-03
-1.449343003332614899e-02
3.217565128579735756e-03
7.334600202739238739e-03
2.069426700472831726e-02
-4.997214418835937977e-04
1.881972514092922211e-02
3.914675489068031311e-02
-2.709535323083400726e-02
-1.829301007091999054e-02
-1.986801065504550934e-02
-9.404818527400493622e-03
4.155193921178579330e-03
5.383676849305629730e-03
-4.666259046643972397e-03
-1.301897037774324417e-02
-2.445199899375438690e-02
-8.923113346099853516e-03
-1.460292376577854156e-02
2.552940277382731438e-03
-3.076646290719509125e-02
1.116896234452724457e-02
-6.811285391449928284e-03
-7.596700452268123627e-03
-9.319136850535869598e-03
1.491895643994212151e-03
-2.342836000025272369e-03
4.439779440872371197e-04
-1.080993097275495529e-02
8.849826641380786896e-03
-2.102211676537990570e-02
-8.037963882088661194e-03
-1.081836502999067307e-02
-6.481536198407411575e-03
-2.068075584247708321e-03
2.232591807842254639e-02
-1.923389546573162079e-02
4.084397107362747192e-03
7.723307353444397449e-04
1.722634537145495415e-03
-1.745365746319293976e-02
-1.319023966789245605e-02
-7.411207538098096848e-03
-1.755016739480197430e-03
1.292578643187880516e-03
-6.702873855829238892e-03
-7.058763876557350159e-03
6.274518091231584549e-03
-1.806757599115371704e-02
-9.485533460974693298e-03
-2.085593715310096741e-02
8.960423059761524200e-03
2.129357308149337769e-02
1.702466793358325958e-02
2.101455815136432648e-02
8.823314681649208069e-03
-9.827747941017150879e-03
-2.229332737624645233e-02
2.429493144154548645e-02
-1.117394119501113892e-02
-7.575334515422582626e-03
6.118220277130603790e-03
-2.065267041325569153e-02
-1.626442186534404755e-02
2.645666711032390594e-02
-1.478168554604053497e-02
1.865352317690849304e-02
2.548751793801784515e-02
2.410580590367317200e-02
4.788837861269712448e-03
2.332934923470020294e-02
3.580565389711409807e-04
2.515447698533535004e-02
1.709362678229808807e-02
1.780346781015396118e-02
2.468658611178398132e-02
9.008462540805339813e-03
2.361048944294452667e-03
2.608758024871349335e-02
-1.411019172519445419e-02
-5.421196692623198032e-04
8.949768962338566780e-04
2.115007303655147552e-02
4.848394077271223068e-03
-3.050324693322181702e-02
-7.502521853893995285e-03
-3.371838852763175964e-02
-2.891334332525730133e-02
1.569095812737941742e-02
6.204743869602680206e-03
-1.085326448082923889e-02
1.952382177114486694e-02
-1.618821360170841217e-02
8.988961577415466309e-03
9.189425036311149597e-03
-2.859184751287102699e-03
-1.091124303638935089e-02
1.084805279970169067e-02
4.878360033035278320e-02
-1.968670170754194260e-03
2.684289216995239258e-02
-4.871526733040809631e-03
1.348885521292686462e-02
-1.452301628887653351e-02
-2.758453972637653351e-02
6.122786551713943481e-03
4.817140288650989532e-03
2.156610600650310516e-03
-3.756070509552955627e-02
3.077469952404499054e-02
1.997658982872962952e-02
1.847969368100166321e-02
3.036820795387029648e-03
9.382489137351512909e-03
4.524276882875710726e-04
6.164973601698875427e-02
-8.641595952212810516e-03
-2.691336162388324738e-02
6.352656986564397812e-03
7.798524107784032822e-03
1.317988336086273193e-02
-1.666599884629249573e-03
2.086514607071876526e-02
9.948029182851314545e-03
8.813613094389438629e-03
1.484060939401388168e-02
3.321063471958041191e-03
3.634185064584016800e-03
2.873958647251129150e-02
-2.212033607065677643e-02
-7.156715728342533112e-03
1.035177987068891525e-02
1.643285527825355530e-02
1.168271806091070175e-02
-5.805802065879106522e-03
-6.929716910235583782e-04
2.657780982553958893e-02
8.796662092208862305e-03
-3.168880939483642578e-02
1.894868724048137665e-02
-8.585857227444648743e-03
3.422841802239418030e-02
-1.523684058338403702e-02
-5.970911122858524323e-03
1.106887008063495159e-03
-1.839440502226352692e-02
-1.924590393900871277e-02
-3.636056557297706604e-02
3.983925096690654755e-03
4.123689234256744385e-02
1.381617598235607147e-02
-7.330393418669700623e-03
3.883176250383257866e-03
2.436736598610877991e-03
-2.162485010921955109e-02
-1.452273782342672348e-02
-1.628075551707297564e-04
6.256555207073688507e-04
-1.679769530892372131e-02
2.308315224945545197e-02
9.711442515254020691e-03
-8.220692165195941925e-03
1.159546314738690853e-03
-2.098295465111732483e-02
-6.654035765677690506e-03
-1.409725099802017212e-02
3.406682284548878670e-03
-7.757535669952630997e-03
-1.473821327090263367e-02
-2.134347520768642426e-02
5.412287544459104538e-03
3.974677994847297668e-03
-4.618508741259574890e-03
-1.546214707195758820e-02
-7.622864097356796265e-03
1.221051905304193497e-02
-4.845313262194395065e-03
-8.875720202922821045e-03
-1.027478650212287903e-02
7.348249200731515884e-03
-6.034925114363431931e-03
2.365758642554283142e-03
2.105282805860042572e-02
-8.568771183490753174e-03
-1.163019891828298569e-02
-2.733229659497737885e-02
-2.064776048064231873e-02
4.495242610573768616e-03
-1.864878274500370026e-02
-1.156426873058080673e-02
4.590466560330241919e-04
-6.183132994920015335e-03
-2.443521097302436829e-02
-7.118653971701860428e-03
-1.439370866864919662e-02
-2.354426542297005653e-03
2.155615203082561493e-02
2.292445115745067596e-02
-1.372541673481464386e-02
7.778512779623270035e-03
-8.551321923732757568e-03
2.422108873724937439e-02
3.819160861894488335e-03
7.094741449691355228e-04
1.611445099115371704e-02
2.593210525810718536e-02
1.810829527676105499e-02
2.930591627955436707e-02
1.677268184721469879e-03
-3.016600385308265686e-03
3.201536461710929871e-02
-1.403405889868736267e-02
2.736520394682884216e-02
-1.885822601616382599e-02
2.583196153864264488e-03
1.349816564470529556e-02
-1.350193098187446594e-02
-1.493965834379196167e-02
-1.090398803353309631e-02
1.864244975149631500e-02
4.259345587342977524e-03
-1.674228161573410034e-02
-1.263791695237159729e-02
-4.546809941530227661e-02
-5.082311108708381653e-03
-2.509315311908721924e-02
6.784731056541204453e-03
-1.786788925528526306e-02
-7.824972271919250488e-04
-6.344780791550874710e-03
